4096 4096
1123
619 1017 619 1017 619 66 130 66
3 472 3 472 3 831 936 831
607 855 607 855 607 535 563 535
200 807 200 807 200 996 63 996
866 320 866 320 866 102 119 102
227 98 227 98 227 124 893 124
17 293 17 293 17 881 159 881
353 371 353 371 353 995 554 995
267 826 267 826 267 307 608 307
538 968 538 968 538 638 1019 638
28 975 28 975 28 720 531 720
651 125 651 125 651 1012 996 1012
1004 556 1004 556 1004 793 22 793
858 191 858 191 858 488 14 488
893 770 893 770 893 885 684 885
403 351 403 351 403 211 181 211
154 186 154 186 154 952 771 952
173 668 173 668 173 692 1006 692
884 995 884 995 884 915 475 915
674 33 674 33 674 654 1009 654
224 183 224 183 224 893 628 893
543 30 543 30 543 764 849 764
599 865 599 865 599 447 398 447
857 503 857 503 857 272 396 272
213 959 213 959 213 915 714 915
503 302 503 302 503 894 372 894
551 921 551 921 551 619 813 619
845 131 845 131 845 228 917 228
561 48 561 48 561 227 290 227
690 668 690 668 690 169 837 169
252 262 252 262 252 101 504 101
89 785 89 785 89 634 123 634
753 73 753 73 753 928 32 928
558 562 558 562 558 156 94 156
59 991 59 991 59 737 867 737
8 1453 8 1453 8 1303 723 1303
185 1464 185 1464 185 1996 766 1996
205 1178 205 1178 205 1363 482 1363
964 1089 964 1089 964 1870 340 1870
1003 1067 1003 1067 1003 1810 921 1810
259 1416 259 1416 259 2006 855 2006
795 1116 795 1116 795 1333 82 1333
842 1762 842 1762 842 1527 848 1527
611 1303 611 1303 611 1275 362 1275
353 1895 353 1895 353 1157 599 1157
126 1839 126 1839 126 1825 339 1825
330 1038 330 1038 330 1568 323 1568
658 1503 658 1503 658 1742 953 1742
360 1597 360 1597 360 1448 902 1448
829 1865 829 1865 829 1549 453 1549
703 1603 703 1603 703 1978 472 1978
301 1338 301 1338 301 1263 777 1263
960 1493 960 1493 960 1374 184 1374
785 1767 785 1767 785 1819 379 1819
150 1873 150 1873 150 1178 927 1178
543 2046 543 2046 543 1874 1016 1874
501 1369 501 1369 501 1871 320 1871
178 1968 178 1968 178 1523 441 1523
681 1803 681 1803 681 1400 270 1400
300 1739 300 1739 300 1524 571 1524
130 1258 130 1258 130 1380 684 1380
988 1048 988 1048 988 1068 37 1068
343 1380 343 1380 343 1115 547 1115
695 1074 695 1074 695 1952 876 1952
100 1341 100 1341 100 1624 447 1624
698 1139 698 1139 698 1674 421 1674
365 1318 365 1318 365 1322 294 1322
934 1874 934 1874 934 1787 609 1787
558 1629 558 1629 558 2020 540 2020
897 1372 897 1372 897 1287 795 1287
196 2256 196 2256 196 2817 79 2817
92 2220 92 2220 92 2619 243 2619
887 2218 887 2218 887 2736 123 2736
971 3043 971 3043 971 2725 490 2725
524 2163 524 2163 524 2575 1002 2575
602 2995 602 2995 602 2427 345 2427
12 2856 12 2856 12 2847 786 2847
63 2180 63 2180 63 2740 688 2740
114 2108 114 2108 114 2515 643 2515
1011 2558 1011 2558 1011 2870 871 2870
781 2329 781 2329 781 2724 852 2724
676 2707 676 2707 676 2481 613 2481
36 2986 36 2986 36 2543 413 2543
356 2297 356 2297 356 2542 317 2542
505 2877 505 2877 505 2548 547 2548
597 3071 597 3071 597 2497 347 2497
1021 2253 1021 2253 1021 2396 826 2396
352 2451 352 2451 352 2859 730 2859
387 2095 387 2095 387 2709 274 2709
685 2670 685 2670 685 2728 719 2728
12 2584 12 2584 12 2965 926 2965
986 2725 986 2725 986 2339 185 2339
362 2886 362 2886 362 3033 925 3033
418 2975 418 2975 418 2777 808 2777
433 2412 433 2412 433 2102 393 2102
484 2947 484 2947 484 2837 87 2837
824 2192 824 2192 824 2363 961 2363
186 3014 186 3014 186 2248 60 2248
411 2711 411 2711 411 2185 566 2185
663 2514 663 2514 663 2260 28 2260
702 2324 702 2324 702 2298 999 2298
330 2997 330 2997 330 2075 10 2075
1013 2666 1013 2666 1013 2914 862 2914
586 2166 586 2166 586 2329 469 2329
46 4018 46 4018 46 3616 172 3616
410 3789 410 3789 410 3876 458 3876
49 3640 49 3640 49 3684 292 3684
59 3970 59 3970 59 3077 81 3077
259 3368 259 3368 259 3439 147 3439
262 4063 262 4063 262 3281 512 3281
74 3823 74 3823 74 3683 666 3683
634 3076 634 3076 634 3657 234 3657
783 4036 783 4036 783 3087 825 3087
764 3991 764 3991 764 3599 131 3599
175 3241 175 3241 175 3340 373 3340
285 3824 285 3824 285 3919 798 3919
779 3443 779 3443 779 4094 662 4094
591 3894 591 3894 591 3201 446 3201
292 3628 292 3628 292 3450 535 3450
185 3642 185 3642 185 3776 128 3776
410 3480 410 3480 410 3240 847 3240
682 3629 682 3629 682 3106 123 3106
147 3635 147 3635 147 3672 89 3672
722 3198 722 3198 722 3178 69 3178
784 3257 784 3257 784 3408 1011 3408
218 3764 218 3764 218 3151 108 3151
799 3874 799 3874 799 3487 10 3487
339 3966 339 3966 339 3998 35 3998
432 3456 432 3456 432 3547 141 3547
493 3492 493 3492 493 3337 358 3337
192 3330 192 3330 192 3148 691 3148
893 3970 893 3970 893 3298 495 3298
404 3609 404 3609 404 3405 899 3405
612 3597 612 3597 612 3491 155 3491
373 3854 373 3854 373 3385 598 3385
3 3520 3 3520 3 4088 675 4088
1806 642 1806 642 1806 505 2042 505
1462 768 1462 768 1462 739 1149 739
1538 472 1538 472 1538 575 1681 575
1567 664 1567 664 1567 542 1202 542
1945 498 1945 498 1945 514 1831 514
1118 833 1118 833 1118 748 1784 748
1115 780 1115 780 1115 522 1969 522
1564 454 1564 454 1564 817 1483 817
1711 132 1711 132 1711 771 1113 771
1224 978 1224 978 1224 219 1349 219
1771 241 1771 241 1771 825 1490 825
1813 920 1813 920 1813 361 1600 361
1645 199 1645 199 1645 854 1914 854
1225 310 1225 310 1225 633 1975 633
1438 164 1438 164 1438 234 1184 234
1635 859 1635 859 1635 359 1473 359
1174 319 1174 319 1174 391 1172 391
1221 673 1221 673 1221 448 1763 448
1482 375 1482 375 1482 809 1186 809
1659 168 1659 168 1659 232 1673 232
1742 950 1742 950 1742 897 1459 897
1512 154 1512 154 1512 466 1052 466
1195 112 1195 112 1195 388 1654 388
1826 34 1826 34 1826 0 1504 0
1916 841 1916 841 1916 755 2015 755
1292 573 1292 573 1292 165 1361 165
1636 582 1636 582 1636 616 1554 616
1072 945 1072 945 1072 514 1652 514
2031 415 2031 415 2031 593 1280 593
1622 48 1622 48 1622 892 1198 892
1803 262 1803 262 1803 863 1676 863
1867 558 1867 558 1867 570 1692 570
1898 1786 1898 1786 1898 1667 1043 1667
1828 1452 1828 1452 1828 1339 1378 1339
1177 1919 1177 1919 1177 1042 1186 1042
1127 1934 1127 1934 1127 1578 1824 1578
1117 1079 1117 1079 1117 1659 1035 1659
1693 1338 1693 1338 1693 1695 1481 1695
1849 1139 1849 1139 1849 1904 1432 1904
1666 1546 1666 1546 1666 1124 1463 1124
1659 1258 1659 1258 1659 1432 1261 1432
1211 1475 1211 1475 1211 1358 1575 1358
1583 1250 1583 1250 1583 1331 1039 1331
2010 1947 2010 1947 2010 1045 1246 1045
1620 1674 1620 1674 1620 1034 1253 1034
1917 2035 1917 2035 1917 1653 1976 1653
1960 1627 1960 1627 1960 1438 1177 1438
1719 1782 1719 1782 1719 1221 1969 1221
1224 1417 1224 1417 1224 1498 1483 1498
1098 1480 1098 1480 1098 1857 1674 1857
1695 1078 1695 1078 1695 1504 1842 1504
1314 1650 1314 1650 1314 1932 1393 1932
1979 1533 1979 1533 1979 1875 1963 1875
1861 1975 1861 1975 1861 1337 1790 1337
1399 2037 1399 2037 1399 1348 2027 1348
1614 1929 1614 1929 1614 1825 1062 1825
1950 1673 1950 1673 1950 1462 1359 1462
1506 1402 1506 1402 1506 1363 1030 1363
1071 1157 1071 1157 1071 1765 1826 1765
1113 1133 1113 1133 1113 1899 1476 1899
1502 2042 1502 2042 1502 1495 1716 1495
1818 1865 1818 1865 1818 1055 1589 1055
1245 1995 1245 1995 1245 1810 1728 1810
2000 1182 2000 1182 2000 1515 1259 1515
1818 1077 1818 1077 1818 2013 1086 2013
1206 2189 1206 2189 1206 2401 1749 2401
1589 2619 1589 2619 1589 2863 1992 2863
1176 2122 1176 2122 1176 2812 1411 2812
1182 2730 1182 2730 1182 2497 1584 2497
1457 2315 1457 2315 1457 2356 1576 2356
1831 2749 1831 2749 1831 2119 1993 2119
1461 2678 1461 2678 1461 2980 1305 2980
1066 2915 1066 2915 1066 2754 1482 2754
1489 2094 1489 2094 1489 2084 1157 2084
1981 2536 1981 2536 1981 2944 1896 2944
1429 2084 1429 2084 1429 2072 1101 2072
1746 2609 1746 2609 1746 2460 1964 2460
1658 2771 1658 2771 1658 2666 1203 2666
1173 2166 1173 2166 1173 2338 1783 2338
1497 2873 1497 2873 1497 3039 1706 3039
1443 2987 1443 2987 1443 2176 1696 2176
1063 2305 1063 2305 1063 2182 1763 2182
1461 2930 1461 2930 1461 2688 1453 2688
1207 2967 1207 2967 1207 3050 1323 3050
1155 3058 1155 3058 1155 2328 1106 2328
1672 2655 1672 2655 1672 2299 2015 2299
1747 2614 1747 2614 1747 2691 1099 2691
1806 2773 1806 2773 1806 2156 1613 2156
1372 2535 1372 2535 1372 2256 1537 2256
1677 2453 1677 2453 1677 2562 1694 2562
1933 2664 1933 2664 1933 2534 1911 2534
1036 2969 1036 2969 1036 2518 1998 2518
1346 2073 1346 2073 1346 2162 1880 2162
1234 2284 1234 2284 1234 2610 1064 2610
1935 2376 1935 2376 1935 2658 1700 2658
1507 2794 1507 2794 1507 2597 1260 2597
1911 2318 1911 2318 1911 2871 1070 2871
1548 2859 1548 2859 1548 2500 1114 2500
1209 3001 1209 3001 1209 2775 1816 2775
1028 2468 1028 2468 1028 2312 1927 2312
1211 3436 1211 3436 1211 3411 1266 3411
1796 3171 1796 3171 1796 3428 1147 3428
1461 3280 1461 3280 1461 4033 1884 4033
1101 3457 1101 3457 1101 3696 1698 3696
1750 3754 1750 3754 1750 3686 1509 3686
1203 3894 1203 3894 1203 3860 1490 3860
1108 3449 1108 3449 1108 3744 1220 3744
1768 3675 1768 3675 1768 3091 1579 3091
1406 3328 1406 3328 1406 3613 1196 3613
1991 3940 1991 3940 1991 3415 1460 3415
1860 3397 1860 3397 1860 3129 1693 3129
1675 3286 1675 3286 1675 3401 1783 3401
1772 3747 1772 3747 1772 4022 2020 4022
1038 3623 1038 3623 1038 4061 1793 4061
1127 3517 1127 3517 1127 4046 1718 4046
1822 3366 1822 3366 1822 3578 1537 3578
1745 3845 1745 3845 1745 3094 1294 3094
1162 3393 1162 3393 1162 3074 1557 3074
1744 3642 1744 3642 1744 3161 1751 3161
1168 3479 1168 3479 1168 3370 1711 3370
1113 3537 1113 3537 1113 3411 1309 3411
1313 3103 1313 3103 1313 3340 1559 3340
1539 3939 1539 3939 1539 3266 1650 3266
1483 3649 1483 3649 1483 4092 1904 4092
1151 3076 1151 3076 1151 3855 1184 3855
1972 3221 1972 3221 1972 3223 1869 3223
1985 3190 1985 3190 1985 3782 1354 3782
1724 3876 1724 3876 1724 3434 1812 3434
1985 3759 1985 3759 1985 3784 1170 3784
1854 4040 1854 4040 1854 3072 1760 3072
1548 3111 1548 3111 1548 3991 1033 3991
3071 594 3071 594 3071 131 3037 131
2321 969 2321 969 2321 867 2995 867
2213 807 2213 807 2213 79 2236 79
2534 790 2534 790 2534 718 2075 718
2942 417 2942 417 2942 323 2402 323
2440 889 2440 889 2440 995 3011 995
2521 438 2521 438 2521 740 2166 740
2960 934 2960 934 2960 932 2528 932
2318 20 2318 20 2318 428 2252 428
2324 323 2324 323 2324 329 2704 329
2616 5 2616 5 2616 60 2582 60
2800 538 2800 538 2800 896 2723 896
2366 906 2366 906 2366 682 2443 682
3059 463 3059 463 3059 134 2271 134
3049 795 3049 795 3049 78 2984 78
2278 543 2278 543 2278 96 2268 96
2390 479 2390 479 2390 540 2313 540
2698 661 2698 661 2698 718 2828 718
2835 948 2835 948 2835 930 2579 930
2963 499 2963 499 2963 104 2982 104
2600 964 2600 964 2600 290 2490 290
2894 319 2894 319 2894 642 2076 642
2387 860 2387 860 2387 135 2067 135
2186 1012 2186 1012 2186 748 2193 748
2962 797 2962 797 2962 832 2474 832
2179 159 2179 159 2179 699 2754 699
2140 15 2140 15 2140 949 2944 949
2609 823 2609 823 2609 334 2898 334
2543 574 2543 574 2543 819 2646 819
2868 626 2868 626 2868 481 2411 481
2123 314 2123 314 2123 342 2456 342
2390 328 2390 328 2390 180 2891 180
2313 263 2313 263 2313 999 2951 999
2446 628 2446 628 2446 143 2135 143
2929 654 2929 654 2929 24 2365 24
2817 368 2817 368 2817 94 2832 94
2875 1900 2875 1900 2875 1866 2817 1866
2474 1089 2474 1089 2474 1965 2113 1965
2456 1999 2456 1999 2456 1377 2059 1377
2077 1507 2077 1507 2077 1542 2888 1542
2804 1152 2804 1152 2804 2012 2549 2012
2728 1365 2728 1365 2728 1981 2653 1981
2943 1814 2943 1814 2943 1129 2519 1129
2179 1556 2179 1556 2179 1941 2791 1941
2210 1482 2210 1482 2210 1386 2181 1386
2352 1908 2352 1908 2352 1702 2348 1702
2711 2002 2711 2002 2711 1454 2549 1454
2915 1188 2915 1188 2915 2044 2776 2044
2406 1993 2406 1993 2406 1924 2288 1924
2936 1869 2936 1869 2936 1310 2439 1310
2461 1456 2461 1456 2461 1062 3064 1062
2793 1477 2793 1477 2793 1130 2873 1130
2458 1211 2458 1211 2458 1627 2685 1627
2346 2028 2346 2028 2346 1653 2302 1653
2274 1745 2274 1745 2274 1921 3005 1921
2975 1054 2975 1054 2975 1475 2203 1475
2987 1396 2987 1396 2987 1028 2412 1028
3034 1327 3034 1327 3034 2000 2822 2000
2247 1851 2247 1851 2247 1273 2775 1273
2493 1592 2493 1592 2493 1979 2507 1979
2816 1189 2816 1189 2816 1174 2172 1174
2379 1332 2379 1332 2379 1858 2596 1858
2221 1833 2221 1833 2221 1506 2717 1506
2489 1313 2489 1313 2489 1882 2894 1882
2968 1027 2968 1027 2968 2020 2825 2020
2220 1992 2220 1992 2220 1179 3020 1179
2324 1707 2324 1707 2324 1094 2478 1094
2207 1039 2207 1039 2207 1528 2286 1528
2696 1763 2696 1763 2696 1861 2557 1861
2285 2792 2285 2792 2285 2388 2142 2388
2278 2979 2278 2979 2278 2154 2549 2154
2788 2334 2788 2334 2788 2774 2445 2774
2824 2835 2824 2835 2824 2742 2566 2742
2291 2248 2291 2248 2291 2177 2544 2177
2112 2569 2112 2569 2112 2657 2915 2657
2187 2366 2187 2366 2187 3012 2355 3012
2650 2830 2650 2830 2650 2189 2329 2189
2377 2672 2377 2672 2377 2687 2278 2687
2898 2619 2898 2619 2898 2896 2260 2896
2797 2436 2797 2436 2797 2828 2604 2828
2505 2186 2505 2186 2505 2927 2977 2927
2312 2963 2312 2963 2312 2137 2995 2137
2212 2827 2212 2827 2212 2083 2359 2083
2301 2982 2301 2982 2301 2841 2844 2841
2684 2613 2684 2613 2684 2938 2637 2938
2855 2246 2855 2246 2855 2126 2185 2126
2150 2413 2150 2413 2150 2196 2535 2196
2284 2885 2284 2885 2284 2183 2377 2183
2899 2440 2899 2440 2899 2877 2275 2877
2553 2959 2553 2959 2553 2096 2089 2096
2120 2679 2120 2679 2120 2391 2683 2391
2935 2820 2935 2820 2935 2377 2371 2377
2287 2353 2287 2353 2287 2826 2786 2826
2571 2494 2571 2494 2571 2456 2093 2456
2115 2367 2115 2367 2115 2158 3031 2158
2170 2905 2170 2905 2170 2532 2833 2532
2341 2611 2341 2611 2341 2597 2843 2597
2435 2113 2435 2113 2435 2143 2367 2143
2708 2950 2708 2950 2708 2571 2678 2571
2155 2801 2155 2801 2155 2611 2985 2611
3059 3676 3059 3676 3059 4002 2406 4002
2980 3763 2980 3763 2980 4061 2437 4061
2559 4022 2559 4022 2559 3172 2318 3172
2967 3740 2967 3740 2967 3678 2643 3678
2263 3649 2263 3649 2263 3392 2447 3392
2347 3454 2347 3454 2347 4054 2754 4054
2651 3254 2651 3254 2651 3885 2096 3885
3021 3147 3021 3147 3021 3748 2774 3748
2582 3343 2582 3343 2582 3580 2409 3580
2906 3989 2906 3989 2906 4024 2388 4024
2909 3250 2909 3250 2909 3166 2901 3166
2406 3130 2406 3130 2406 4091 2875 4091
2992 4034 2992 4034 2992 4075 2812 4075
2567 3468 2567 3468 2567 3991 2274 3991
2766 3229 2766 3229 2766 3736 2939 3736
3030 3826 3030 3826 3030 3092 3047 3092
2450 3937 2450 3937 2450 3447 2760 3447
2386 4007 2386 4007 2386 3313 3032 3313
2305 3319 2305 3319 2305 3573 2481 3573
2658 3082 2658 3082 2658 3831 2271 3831
3023 3172 3023 3172 3023 3092 2647 3092
2741 3242 2741 3242 2741 3820 2376 3820
2867 3710 2867 3710 2867 3373 2072 3373
2992 3954 2992 3954 2992 3361 2981 3361
2347 3736 2347 3736 2347 3707 2697 3707
2269 3201 2269 3201 2269 4085 2744 4085
2575 3801 2575 3801 2575 3892 2505 3892
2171 3356 2171 3356 2171 4001 2533 4001
2176 3905 2176 3905 2176 3412 2777 3412
2099 3948 2099 3948 2099 3528 2561 3528
2431 3311 2431 3311 2431 3804 2475 3804
3049 4084 3049 4084 3049 3346 3006 3346
2472 3304 2472 3304 2472 4050 2685 4050
2469 3338 2469 3338 2469 3810 2764 3810
2967 3129 2967 3129 2967 3488 2599 3488
3501 805 3501 805 3501 39 3097 39
3595 81 3595 81 3595 101 3274 101
4082 378 4082 378 4082 290 3288 290
3960 450 3960 450 3960 427 3210 427
3437 323 3437 323 3437 549 3326 549
3943 837 3943 837 3943 107 3747 107
3971 587 3971 587 3971 88 3817 88
4083 775 4083 775 4083 3 3085 3
3347 278 3347 278 3347 594 3133 594
3151 238 3151 238 3151 439 3852 439
3659 43 3659 43 3659 218 3383 218
3166 134 3166 134 3166 952 3694 952
3142 372 3142 372 3142 481 3618 481
4020 545 4020 545 4020 44 3271 44
3088 231 3088 231 3088 991 3285 991
3092 992 3092 992 3092 178 4056 178
3489 584 3489 584 3489 452 4049 452
3497 883 3497 883 3497 423 3806 423
3861 77 3861 77 3861 71 3230 71
3602 581 3602 581 3602 38 3723 38
3296 873 3296 873 3296 183 3655 183
3340 438 3340 438 3340 788 3898 788
3450 812 3450 812 3450 765 3241 765
3966 478 3966 478 3966 741 3753 741
3654 528 3654 528 3654 782 3509 782
3966 250 3966 250 3966 290 4034 290
3978 575 3978 575 3978 789 3651 789
3128 99 3128 99 3128 853 3781 853
3497 372 3497 372 3497 794 3538 794
3103 895 3103 895 3103 596 3522 596
3980 601 3980 601 3980 215 3342 215
3827 357 3827 357 3827 431 3661 431
3366 410 3366 410 3366 691 3331 691
4091 319 4091 319 4091 937 3632 937
3853 1207 3853 1207 3853 1479 3620 1479
3776 1321 3776 1321 3776 1536 3855 1536
3291 1422 3291 1422 3291 1079 3956 1079
3355 1162 3355 1162 3355 1786 3937 1786
3723 1734 3723 1734 3723 1539 3846 1539
3075 1763 3075 1763 3075 1953 3994 1953
3294 2010 3294 2010 3294 1420 3962 1420
3383 1897 3383 1897 3383 1326 4007 1326
3227 1038 3227 1038 3227 1466 3422 1466
3224 1528 3224 1528 3224 1999 3820 1999
4062 1700 4062 1700 4062 1062 3932 1062
3159 1367 3159 1367 3159 1880 3232 1880
4015 1233 4015 1233 4015 1122 3709 1122
3989 1150 3989 1150 3989 1503 4079 1503
4014 1289 4014 1289 4014 1804 3616 1804
3108 1419 3108 1419 3108 1910 3183 1910
4049 1623 4049 1623 4049 1049 3782 1049
3120 2013 3120 2013 3120 1961 3481 1961
3160 1146 3160 1146 3160 1456 3399 1456
4056 1167 4056 1167 4056 1702 3863 1702
3433 1841 3433 1841 3433 1959 3291 1959
3472 1217 3472 1217 3472 1075 3130 1075
3320 1692 3320 1692 3320 1423 3518 1423
3568 1691 3568 1691 3568 1236 3435 1236
3615 1698 3615 1698 3615 1556 3224 1556
3908 1517 3908 1517 3908 1270 3491 1270
3662 1809 3662 1809 3662 2013 3415 2013
3846 1222 3846 1222 3846 1527 3863 1527
3609 1830 3609 1830 3609 1711 3505 1711
3906 1597 3906 1597 3906 1616 3734 1616
3638 1782 3638 1782 3638 1572 3389 1572
3959 1210 3959 1210 3959 1590 3729 1590
4007 1849 4007 1849 4007 1502 3804 1502
3474 2147 3474 2147 3474 2910 4076 2910
3728 2397 3728 2397 3728 2200 3257 2200
3259 2339 3259 2339 3259 2169 3718 2169
3543 2634 3543 2634 3543 2770 3790 2770
3105 2675 3105 2675 3105 2131 3485 2131
3241 2176 3241 2176 3241 2212 3877 2212
3273 2066 3273 2066 3273 2943 3494 2943
3526 2756 3526 2756 3526 2096 3712 2096
3307 2985 3307 2985 3307 2236 3903 2236
3727 2675 3727 2675 3727 2303 3783 2303
3233 2152 3233 2152 3233 2705 3573 2705
3348 2067 3348 2067 3348 2447 3949 2447
3787 2647 3787 2647 3787 2673 3449 2673
3376 2681 3376 2681 3376 2819 3601 2819
3191 2660 3191 2660 3191 2589 3332 2589
3095 2194 3095 2194 3095 2647 3150 2647
3983 2993 3983 2993 3983 2794 3816 2794
3475 2662 3475 2662 3475 2821 3159 2821
3300 2674 3300 2674 3300 2921 3122 2921
3284 2580 3284 2580 3284 2849 3929 2849
3838 2936 3838 2936 3838 2967 4014 2967
3897 2234 3897 2234 3897 2301 3645 2301
3932 2816 3932 2816 3932 2181 3298 2181
3292 2505 3292 2505 3292 2337 3779 2337
3443 3001 3443 3001 3443 2706 4068 2706
3899 2097 3899 2097 3899 2529 3914 2529
3892 2279 3892 2279 3892 2616 3737 2616
3699 2999 3699 2999 3699 2970 3402 2970
3441 2294 3441 2294 3441 2756 3515 2756
3765 2057 3765 2057 3765 2412 3285 2412
3287 2963 3287 2963 3287 2938 3569 2938
3377 3286 3377 3286 3377 3257 3848 3257
3701 4093 3701 4093 3701 3196 3522 3196
3839 3821 3839 3821 3839 3599 3952 3599
3200 3684 3200 3684 3200 3322 3404 3322
3192 3330 3192 3330 3192 3906 3418 3906
3630 3543 3630 3543 3630 4075 3414 4075
3855 3931 3855 3931 3855 3165 3476 3165
3757 3958 3757 3958 3757 3698 3715 3698
3093 3336 3093 3336 3093 4009 3145 4009
3667 3390 3667 3390 3667 4016 3556 4016
3360 3634 3360 3634 3360 3346 3323 3346
3628 4056 3628 4056 3628 3362 3923 3362
3598 3218 3598 3218 3598 3265 3076 3265
3167 3886 3167 3886 3167 3652 3316 3652
3653 3216 3653 3216 3653 3255 3320 3255
3542 3596 3542 3596 3542 3361 3263 3361
3300 3210 3300 3210 3300 3670 3534 3670
3240 3097 3240 3097 3240 3116 3484 3116
3389 3407 3389 3407 3389 3372 3207 3372
3662 3751 3662 3751 3662 3150 3979 3150
3103 3924 3103 3924 3103 3830 3638 3830
3858 3883 3858 3883 3858 3642 3717 3642
3730 3107 3730 3107 3730 4052 3727 4052
3533 3970 3533 3970 3533 3243 4018 3243
3955 3435 3955 3435 3955 3428 3091 3428
3347 3092 3347 3092 3347 4020 4048 4020
3954 3602 3954 3602 3954 3096 3393 3096
3915 4060 3915 4060 3915 3324 4041 3324
3353 3732 3353 3732 3353 3648 3827 3648
3173 3475 3173 3475 3173 3762 3095 3762
3590 3134 3590 3134 3590 3736 3998 3736
3500 3109 3500 3109 3500 3560 3587 3560
3295 4015 3295 4015 3295 3656 3466 3656
3160 3433 3160 3433 3160 3760 3238 3760
3131 4050 3131 4050 3131 3773 3305 3773
4006 3937 4006 3937 4006 3770 3646 3770
425 1063 425 1063 425 1009 1888 1009
1249 978 1249 978 1249 985 423 985
1321 1071 1321 1071 1321 1042 4 1042
1991 991 1991 991 1991 1060 584 1060
1079 1038 1079 1038 1079 1044 479 1044
478 2020 478 2020 478 2005 1845 2005
1548 2019 1548 2019 1548 2063 257 2063
2 2039 2 2039 2 2081 1445 2081
1892 2007 1892 2007 1892 2087 389 2087
1603 2010 1603 2010 1603 2047 245 2047
1703 3114 1703 3114 1703 3030 72 3030
1436 3042 1436 3042 1436 3057 1429 3057
1217 3101 1217 3101 1217 3074 523 3074
1894 3085 1894 3085 1894 3100 1993 3100
84 3067 84 3067 84 3021 1037 3021
1905 1017 1905 1017 1905 1068 2686 1068
1749 988 1749 988 1749 1003 2202 1003
2071 983 2071 983 2071 1043 2217 1043
1256 1056 1256 1056 1256 983 1780 983
1891 1048 1891 1048 1891 1025 2473 1025
2531 2056 2531 2056 2531 2030 1776 2030
1606 2003 1606 2003 1606 2067 2813 2067
2003 2094 2003 2094 2003 2085 1202 2085
2588 2066 2588 2066 2588 2053 2720 2053
2866 2074 2866 2074 2866 2061 1759 2061
1469 3107 1469 3107 1469 3091 3037 3091
1505 3073 1505 3073 1505 3121 2095 3121
1316 3120 1316 3120 1316 3069 2262 3069
1778 3062 1778 3062 1778 3096 1370 3096
1900 3078 1900 3078 1900 3104 1736 3104
3883 1034 3883 1034 3883 1009 3770 1009
3106 1022 3106 1022 3106 1042 2682 1042
2509 990 2509 990 2509 1061 2470 1061
2557 1052 2557 1052 2557 1056 3340 1056
2220 1036 2220 1036 2220 973 2221 973
2783 2059 2783 2059 2783 2036 3562 2036
2428 2051 2428 2051 2428 2053 3553 2053
4034 2019 4034 2019 4034 2056 3620 2056
3657 2042 3657 2042 3657 2008 2674 2008
2675 2031 2675 2031 2675 2081 2464 2081
2400 3120 2400 3120 2400 3039 3666 3039
2389 3073 2389 3073 2389 3021 3698 3021
3741 3056 3741 3056 3741 3064 2132 3064
3915 3060 3915 3060 3915 3031 3714 3031
3264 3093 3264 3093 3264 3056 3431 3056
1029 1065 1029 1065 1029 1967 991 1967
998 295 998 295 998 1605 992 1605
1005 1844 1005 1844 1005 556 1049 556
973 219 973 219 973 1163 1034 1163
977 579 977 579 977 694 1036 694
1065 2015 1065 2015 1065 1180 1017 1180
1028 2373 1028 2373 1028 1263 1001 1263
1030 2983 1030 2983 1030 2559 983 2559
990 2850 990 2850 990 1125 1010 1125
1031 3003 1031 3003 1031 2030 977 2030
1030 3826 1030 3826 1030 2532 1052 2532
1071 3047 1071 3047 1071 2548 1066 2548
1032 2669 1032 2669 1032 2763 1029 2763
1048 3400 1048 3400 1048 3260 989 3260
1020 3353 1020 3353 1020 2438 991 2438
2050 624 2050 624 2050 1631 2095 1631
2054 1359 2054 1359 2054 840 2092 840
2025 686 2025 686 2025 1662 2026 1662
2011 1615 2011 1615 2011 1505 2036 1505
2021 783 2021 783 2021 1557 2077 1557
2090 2317 2090 2317 2090 1775 2057 1775
2031 2569 2031 2569 2031 1803 2052 1803
2087 2951 2087 2951 2087 2166 2061 2166
2054 1446 2054 1446 2054 2072 2046 2072
2043 2801 2043 2801 2043 1769 2078 1769
2013 3618 2013 3618 2013 2867 2027 2867
2085 3872 2085 3872 2085 2322 2008 2322
2072 2168 2072 2168 2072 3517 2071 3517
2064 3920 2064 3920 2064 2167 2045 2167
2094 2881 2094 2881 2094 3635 2039 3635
3111 714 3111 714 3111 1306 3070 1306
3039 1240 3039 1240 3039 1684 3114 1684
3082 1689 3082 1689 3082 1944 3036 1944
3058 727 3058 727 3058 267 3054 267
3060 433 3060 433 3060 690 3046 690
3102 2882 3102 2882 3102 1176 3076 1176
3029 2104 3029 2104 3029 1899 3075 1899
3035 2462 3035 2462 3035 2764 3029 2764
3096 2304 3096 2304 3096 2587 3122 2587
3109 1149 3109 1149 3109 1863 3121 1863
3069 2123 3069 2123 3069 2140 3050 2140
3054 2089 3054 2089 3054 2901 3096 2901
3080 3248 3080 3248 3080 2308 3064 2308
3052 2733 3052 2733 3052 2654 3032 2654
3074 2656 3074 2656 3074 3443 3061 3443
1586 2778 1586 2778 1586 671 4057 671
1207 754 1207 754 1207 2318 1275 2318
1524 3274 1524 3274 1524 2966 4087 2966
1363 3540 1363 3540 1363 2590 3622 2590
2468 2704 2468 2704 2468 1114 102 1114
3711 3832 3711 3832 3711 1648 114 1648
92 868 92 868 92 1506 2987 1506
3859 1995 3859 1995 3859 880 3204 880
1201 3320 1201 3320 1201 1785 3260 1785
1392 1523 1392 1523 1392 3485 407 3485
2171 777 2171 777 2171 3417 2003 3417
225 3741 225 3741 225 1167 3636 1167
3061 897 3061 897 3061 3644 3741 3644
603 2488 603 2488 603 1529 4034 1529
2874 3851 2874 3851 2874 2247 3707 2247
2302 3228 2302 3228 2302 2382 747 2382
2351 3608 2351 3608 2351 3031 2441 3031
518 2440 518 2440 518 1650 920 1650
1814 2799 1814 2799 1814 198 3552 198
1662 262 1662 262 1662 1445 1436 1445
2343 1677 2343 1677 2343 1516 3865 1516
3695 4027 3695 4027 3695 946 3849 946
1269 1972 1269 1972 1269 2453 3013 2453
1091 1894 1091 1894 1091 402 1456 402
261 155 261 155 261 2062 1323 2062
3259 101 3259 101 3259 3766 2833 3766
3694 3998 3694 3998 3694 436 3179 436
2335 1846 2335 1846 2335 733 2470 733
2626 3343 2626 3343 2626 1991 20 1991
2278 1062 2278 1062 2278 2570 2923 2570
262 2377 262 2377 262 2281 1186 2281
1138 3746 1138 3746 1138 1500 1345 1500
1879 2533 1879 2533 1879 4024 3322 4024
72 3643 72 3643 72 1694 2996 1694
80 2821 80 2821 80 1341 1269 1341
386 1341 386 1341 386 1372 3803 1372
682 935 682 935 682 3051 1740 3051
211 3980 211 3980 211 2833 1201 2833
3810 3444 3810 3444 3810 4038 79 4038
2685 1305 2685 1305 2685 3651 1973 3651
3712 3301 3712 3301 3712 3972 4049 3972
3178 4043 3178 4043 3178 3712 996 3712
233 369 233 369 233 406 2770 406
2067 306 2067 306 2067 1883 641 1883
1364 3812 1364 3812 1364 4069 720 4069
3374 2205 3374 2205 3374 2134 1801 2134
4013 4012 4013 4012 4013 3219 1226 3219
568 1527 568 1527 568 3170 460 3170
369 2605 369 2605 369 3198 739 3198
1279 1158 1279 1158 1279 652 2702 652
3600 3656 3600 3656 3600 2054 2318 2054
2766 737 2766 737 2766 2608 3350 2608
3929 525 3929 525 3929 1078 4071 1078
3545 521 3545 521 3545 2744 3464 2744
859 1408 859 1408 859 3874 352 3874
719 1470 719 1470 719 1763 2888 1763
373 3876 373 3876 373 3555 645 3555
2200 2904 2200 2904 2200 1176 3075 1176
2837 205 2837 205 2837 1777 1888 1777
127 599 127 599 127 1187 3918 1187
1198 1835 1198 1835 1198 672 554 672
3947 2658 3947 2658 3947 206 1790 206
1109 1430 1109 1430 1109 3443 3615 3443
2671 2453 2671 2453 2671 4011 1672 4011
3968 2080 3968 2080 3968 1352 280 1352
606 3945 606 3945 606 563 331 563
3348 3684 3348 3684 3348 2864 2629 2864
3803 2096 3803 2096 3803 14 681 14
663 3666 663 3666 663 2588 3387 2588
3988 1797 3988 1797 3988 1738 3561 1738
3494 3566 3494 3566 3494 3127 1230 3127
2398 2798 2398 2798 2398 1438 106 1438
85 2442 85 2442 85 3390 3812 3390
1380 3449 1380 3449 1380 2298 1387 2298
488 1017 488 1017 488 1386 3065 1386
2392 1221 2392 1221 2392 2430 3197 2430
3874 2688 3874 2688 3874 3029 2218 3029
738 768 738 768 738 2805 2616 2805
1711 2464 1711 2464 1711 3408 1972 3408
1475 1700 1475 1700 1475 524 2063 524
612 2856 612 2856 612 2987 4000 2987
3305 2861 3305 2861 3305 2743 2928 2743
2065 1557 2065 1557 2065 52 580 52
1667 1504 1667 1504 1667 2860 723 2860
3302 3184 3302 3184 3302 1203 3756 1203
1859 1074 1859 1074 1859 2357 4081 2357
3262 2143 3262 2143 3262 2479 755 2479
26 3030 26 3030 26 1138 1388 1138
1211 194 1211 194 1211 172 1379 172
3138 2070 3138 2070 3138 988 3883 988
2747 1465 2747 1465 2747 1394 1579 1394
1416 2256 1416 2256 1416 1921 701 1921
351 535 351 535 351 3635 921 3635
1050 2657 1050 2657 1050 3527 1385 3527
911 4006 911 4006 911 3905 1733 3905
1180 200 1180 200 1180 2932 1870 2932
294 3893 294 3893 294 1600 1495 1600
846 2264 846 2264 846 767 3451 767
1106 3615 1106 3615 1106 2872 743 2872
1139 513 1139 513 1139 1101 1580 1101
3544 3166 3544 3166 3544 982 3441 982
330 3673 330 3673 330 3472 2662 3472
3257 1809 3257 1809 3257 1134 1264 1134
1453 1620 1453 1620 1453 1450 2054 1450
184 464 184 464 184 771 3634 771
483 1092 483 1092 483 986 701 986
961 1565 961 1565 961 1444 2315 1444
3171 683 3171 683 3171 1374 3334 1374
788 1533 788 1533 788 54 104 54
1890 81 1890 81 1890 532 1475 532
2202 1408 2202 1408 2202 95 2997 95
1792 1873 1792 1873 1792 1679 3802 1679
3618 454 3618 454 3618 749 3858 749
1819 1279 1819 1279 1819 1784 796 1784
3983 828 3983 828 3983 550 41 550
3304 2047 3304 2047 3304 1911 4001 1911
2139 223 2139 223 2139 567 3702 567
1075 1902 1075 1902 1075 1597 3244 1597
2349 393 2349 393 2349 1146 2730 1146
4000 777 4000 777 4000 728 1288 728
1788 809 1788 809 1788 7 4046 7
104 463 104 463 104 687 3412 687
3657 978 3657 978 3657 1284 3110 1284
2917 380 2917 380 2917 1604 2654 1604
791 1653 791 1653 791 1823 3423 1823
1891 1160 1891 1160 1891 499 2089 499
2670 965 2670 965 2670 1072 413 1072
3962 1337 3962 1337 3962 445 3675 445
3544 1300 3544 1300 3544 599 3200 599
1571 657 1571 657 1571 577 1710 577
3872 557 3872 557 3872 457 1790 457
3586 1272 3586 1272 3586 448 1868 448
160 313 160 313 160 2042 3316 2042
3233 904 3233 904 3233 1793 3931 1793
3984 320 3984 320 3984 1636 2056 1636
2196 1519 2196 1519 2196 1613 273 1613
3702 209 3702 209 3702 748 3576 748
2911 258 2911 258 2911 1063 3173 1063
764 1031 764 1031 764 1779 2124 1779
2443 335 2443 335 2443 1901 304 1901
2744 910 2744 910 2744 1579 3287 1579
3931 1402 3931 1402 3931 1719 2620 1719
2115 1161 2115 1161 2115 1004 1837 1004
1093 238 1093 238 1093 811 3833 811
100 1754 100 1754 100 1772 1919 1772
1213 2006 1213 2006 1213 1596 2375 1596
3920 1178 3920 1178 3920 1665 3437 1665
1313 146 1313 146 1313 1106 3594 1106
2608 1942 2608 1942 2608 1857 1658 1857
2067 142 2067 142 2067 1070 3025 1070
454 1803 454 1803 454 1108 2417 1108
3146 1408 3146 1408 3146 5 3187 5
2674 130 2674 130 2674 205 1399 205
3956 233 3956 233 3956 723 1496 723
3842 417 3842 417 3842 1968 2882 1968
2439 1619 2439 1619 2439 1690 2750 1690
1270 94 1270 94 1270 122 455 122
1170 1099 1170 1099 1170 1946 1078 1946
2980 1153 2980 1153 2980 860 2735 860
2143 1467 2143 1467 2143 967 3100 967
2958 1843 2958 1843 2958 10 2147 10
3955 1543 3955 1543 3955 1575 2944 1575
3961 9 3961 9 3961 1075 2590 1075
3869 924 3869 924 3869 704 2498 704
2269 320 2269 320 2269 405 3674 405
3061 691 3061 691 3061 1007 2876 1007
2886 190 2886 190 2886 1573 2665 1573
2663 139 2663 139 2663 887 2210 887
3196 528 3196 528 3196 1529 2907 1529
2765 1396 2765 1396 2765 1986 3237 1986
2244 622 2244 622 2244 1725 2517 1725
3565 460 3565 460 3565 1824 3454 1824
3850 628 3850 628 3850 955 3821 955
3500 1084 3500 1084 3500 149 3805 149
3213 1513 3213 1513 3213 1828 2785 1828
2686 799 2686 799 2686 42 2989 42
3266 1156 3266 1156 3266 292 3584 292
4085 671 4085 671 4085 642 2534 642
2494 728 2494 728 2494 1405 3450 1405
3202 81 3202 81 3202 941 2771 941
3805 1491 3805 1491 3805 382 2339 382
2133 366 2133 366 2133 1101 2213 1101
2383 1099 2383 1099 2383 1669 3988 1669
2968 1215 2968 1215 2968 1389 3286 1389
3298 1917 3298 1917 3298 939 2551 939
2987 388 2987 388 2987 26 2966 26
2256 817 2256 817 2256 885 3311 885
4081 75 4081 75 4081 306 3438 306
2426 521 2426 521 2426 51 3510 51
3816 670 3816 670 3816 883 3708 883
2320 571 2320 571 2320 162 3551 162
2149 809 2149 809 2149 425 3865 425
3048 861 3048 861 3048 581 2818 581
2322 690 2322 690 2322 646 3170 646
3523 752 3523 752 3523 967 2104 967
2782 244 2782 244 2782 951 3037 951
3167 60 3167 60 3167 269 2269 269
3515 677 3515 677 3515 612 2369 612
2534 702 2534 702 2534 188 2624 188
2397 213 2397 213 2397 224 2723 224
2423 334 2423 334 2423 50 2649 50
2132 568 2132 568 2132 657 2101 657
2821 580 2821 580 2821 154 3011 154
2088 280 2088 280 2088 561 2370 561
2654 90 2654 90 2654 445 2366 445
2512 59 2512 59 2512 204 2224 204
2368 212 2368 212 2368 151 2150 151
2928 234 2928 234 2928 103 2743 103
2332 254 2332 254 2332 309 2210 309
2681 266 2681 266 2681 32 3016 32
3069 151 3069 151 3069 83 2998 83
3054 186 3054 186 3054 407 2694 407
2966 378 2966 378 2966 379 2641 379
2616 393 2616 393 2616 413 2970 413
2756 216 2756 216 2756 73 2631 73
2769 352 2769 352 2769 75 2606 75
2628 213 2628 213 2628 110 2704 110
2569 469 2569 469 2569 203 2626 203
2758 31 2758 31 2758 370 2753 370
2722 290 2722 290 2722 353 2599 353
2581 505 2581 505 2581 267 2719 267
2562 462 2562 462 2562 308 2576 308
2751 458 2751 458 2751 349 2628 349
2635 501 2635 501 2635 370 2667 370
2757 338 2757 338 2757 430 2745 430
2717 349 2717 349 2717 332 2754 332
2786 290 2786 290 2786 423 2723 423
2740 292 2740 292 2740 290 2713 290
2698 502 2698 502 2698 406 2766 406
2725 464 2725 464 2725 420 2720 420
2733 302 2733 302 2733 442 2705 442
2740 361 2740 361 2740 321 2714 321
2714 447 2714 447 2714 265 2701 265
2688 284 2688 284 2688 382 2697 382
2747 286 2747 286 2747 299 2714 299
2694 331 2694 331 2694 266 2726 266
2712 277 2712 277 2712 311 2737 311
2700 276 2700 276 2700 259 2722 259
2688 331 2688 331 2688 297 2719 297
2691 295 2691 295 2691 282 2717 282
2720 296 2720 296 2720 312 2705 312
2713 269 2713 269 2713 291 2703 291
2713 265 2713 265 2713 270 2692 270
2707 268 2707 268 2707 310 2716 310
1318 1733 1318 1733 1318 1473 1571 1473
1376 1699 1376 1699 1376 1353 1129 1353
1427 1449 1427 1449 1427 1435 1375 1435
1386 1400 1386 1400 1386 1344 1329 1344
1292 1380 1292 1380 1292 1282 1461 1282
1413 1700 1413 1700 1413 1666 1467 1666
1605 1896 1605 1896 1605 2119 1391 2119
1140 1984 1140 1984 1140 1771 1517 1771
1319 2057 1319 2057 1319 1985 1473 1985
1359 2043 1359 2043 1359 2156 1558 2156
1217 1877 1217 1877 1217 1830 1436 1830
1159 2271 1159 2271 1159 2108 1189 2108
1261 2382 1261 2382 1261 2590 1157 2590
1342 2326 1342 2326 1342 2730 1540 2730
1188 2672 1188 2672 1188 2655 1373 2655
1330 2617 1330 2617 1330 2344 1547 2344
1467 2362 1467 2362 1467 2371 1515 2371
1535 2686 1535 2686 1535 2600 1473 2600
1442 3295 1442 3295 1442 3207 1213 3207
1131 3162 1131 3162 1131 2823 1268 2823
1153 2870 1153 2870 1153 3086 1219 3086
1474 3060 1474 3060 1474 2912 1155 2912
1286 3178 1286 3178 1286 3298 1526 3298
1585 3247 1585 3247 1585 3073 1269 3073
1651 1505 1651 1505 1651 1672 1738 1672
1814 1574 1814 1574 1814 1375 2051 1375
2070 1291 2070 1291 2070 1352 1884 1352
1682 1297 1682 1297 1682 1714 2115 1714
1687 1361 1687 1361 1687 1511 2006 1511
1775 1571 1775 1571 1775 1601 1878 1601
1910 1897 1910 1897 1910 2065 2120 2065
2061 1849 2061 1849 2061 2088 1806 2088
1996 1783 1996 1783 1996 1775 2081 1775
1825 1806 1825 1806 1825 2231 1769 2231
1924 2021 1924 2021 1924 2213 1665 2213
1694 1965 1694 1965 1694 2187 1650 2187
1791 2573 1791 2573 1791 2529 1978 2529
2065 2375 2065 2375 2065 2704 1624 2704
1662 2579 1662 2579 1662 2370 1999 2370
1879 2355 1879 2355 1879 2524 1974 2524
1799 2316 1799 2316 1799 2348 1814 2348
1821 2768 1821 2768 1821 2552 2087 2552
1985 3056 1985 3056 1985 3019 1708 3019
1698 3280 1698 3280 1698 3274 1994 3274
1922 3057 1922 3057 1922 2847 1711 2847
1976 3241 1976 3241 1976 3254 1630 3254
2037 3033 2037 3033 2037 3177 2000 3177
1864 2883 1864 2883 1864 3274 1723 3274
2291 1349 2291 1349 2291 1510 2448 1510
2375 1429 2375 1429 2375 1357 2242 1357
2146 1381 2146 1381 2146 1363 2216 1363
2263 1511 2263 1511 2263 1321 2455 1321
2521 1354 2521 1354 2521 1346 2505 1346
2186 1709 2186 1709 2186 1268 2557 1268
2496 1854 2496 1854 2496 1887 2218 1887
2584 1975 2584 1975 2584 1963 2203 1963
2632 1824 2632 1824 2632 1979 2138 1979
2361 1850 2361 1850 2361 2240 2185 2240
2403 1888 2403 1888 2403 2124 2204 2124
2282 1917 2282 1917 2282 2119 2514 2119
2427 2568 2427 2568 2427 2380 2619 2380
2351 2347 2351 2347 2351 2736 2247 2736
2495 2631 2495 2631 2495 2600 2138 2600
2448 2628 2448 2628 2448 2583 2563 2583
2442 2628 2442 2628 2442 2568 2124 2568
2593 2643 2593 2643 2593 2534 2569 2534
2376 3268 2376 3268 2376 3037 2321 3037
2583 3098 2583 3098 2583 2827 2380 2827
2500 3257 2500 3257 2500 3102 2413 3102
2296 3082 2296 3082 2296 2906 2202 2906
2224 3177 2224 3177 2224 3107 2439 3107
2318 3211 2318 3211 2318 2965 2508 2965
3103 1649 3103 1649 3103 1319 2933 1319
3119 1743 3119 1743 3119 1655 2674 1655
2760 1268 2760 1268 2760 1422 3043 1422
3012 1512 3012 1512 3012 1632 2730 1632
2675 1464 2675 1464 2675 1398 2693 1398
2655 1649 2655 1649 2655 1747 2962 1747
2942 2202 2942 2202 2942 1922 2967 1922
2877 2010 2877 2010 2877 2117 3038 2117
2836 1805 2836 1805 2836 1808 3090 1808
3028 2269 3028 2269 3028 1798 2838 1798
2878 1957 2878 1957 2878 1941 2993 1941
2762 1923 2762 1923 2762 1767 2707 1767
3041 2531 3041 2531 3041 2702 3108 2702
2836 2561 2836 2561 2836 2343 3009 2343
2811 2508 2811 2508 2811 2421 3079 2421
2874 2309 2874 2309 2874 2307 2854 2307
3115 2690 3115 2690 3115 2749 2755 2749
2825 2511 2825 2511 2825 2554 2911 2554
3124 2869 3124 2869 3124 3129 2811 3129
2956 3203 2956 3203 2956 2972 2875 2972
2715 2879 2715 2879 2715 3158 2646 3158
3068 2803 3068 2803 3068 3145 3033 3145
3020 2839 3020 2839 3020 3099 2949 3099
3113 2826 3113 2826 3113 3242 2998 3242
1975 1754 1975 1754 1975 1747 1504 1747
1295 1748 1295 1748 1295 1788 1588 1788
1753 1748 1753 1748 1753 1769 2065 1769
1948 1767 1948 1767 1948 1755 1411 1755
1703 1742 1703 1742 1703 1777 2114 1777
1134 2254 1134 2254 1134 2288 1151 2288
1160 2289 1160 2289 1160 2258 1322 2258
2110 2262 2110 2262 2110 2254 1514 2254
1144 2297 1144 2297 1144 2293 1120 2293
1676 2255 1676 2255 1676 2277 2096 2277
1164 2794 1164 2794 1164 2780 1994 2780
1438 2780 1438 2780 1438 2812 2094 2812
1957 2802 1957 2802 1957 2782 1545 2782
1596 2791 1596 2791 1596 2766 1321 2766
2035 2766 2035 2766 2035 2802 1159 2802
1741 1785 1741 1785 1741 1761 2569 1761
1853 1778 1853 1778 1853 1773 2265 1773
1771 1784 1771 1784 1771 1787 2591 1787
1724 1743 1724 1743 1724 1786 1772 1786
2025 1781 2025 1781 2025 1777 1889 1777
2486 2290 2486 2290 2486 2282 1742 2282
1888 2289 1888 2289 1888 2300 1663 2300
2486 2278 2486 2278 2486 2286 1770 2286
1974 2258 1974 2258 1974 2275 2274 2275
2082 2289 2082 2289 2082 2293 2454 2293
2413 2814 2413 2814 2413 2780 2528 2780
1746 2805 1746 2805 1746 2794 2102 2794
1730 2763 1730 2763 1730 2769 1987 2769
1816 2766 1816 2766 1816 2771 2444 2771
1833 2799 1833 2799 1833 2805 2557 2805
2756 1782 2756 1782 2756 1764 2237 1764
2720 1739 2720 1739 2720 1766 2242 1766
2340 1756 2340 1756 2340 1782 2343 1782
3020 1775 3020 1775 3020 1770 2291 1770
2478 1788 2478 1788 2478 1753 2550 1753
2664 2257 2664 2257 2664 2279 2585 2279
2398 2288 2398 2288 2398 2259 2471 2259
2582 2279 2582 2279 2582 2261 2869 2261
2304 2273 2304 2273 2304 2258 2211 2258
2978 2258 2978 2258 2978 2296 2997 2296
2865 2798 2865 2798 2865 2763 2472 2763
2231 2796 2231 2796 2231 2766 2161 2766
2806 2764 2806 2764 2806 2791 2159 2791
2126 2771 2126 2771 2126 2773 2420 2773
3086 2789 3086 2789 3086 2785 2417 2785
1635 2016 1635 2016 1635 2228 1585 2228
1608 1848 1608 1848 1608 1884 1627 1884
1615 1681 1615 1681 1615 2049 1592 2049
1611 2239 1611 2239 1611 1427 1613 1427
1634 2035 1634 2035 1634 2201 1606 2201
1589 2042 1589 2042 1589 2438 1586 2438
1602 2642 1602 2642 1602 2345 1606 2345
1623 2048 1623 2048 1623 1837 1605 1837
1609 2065 1609 2065 1609 1922 1610 1922
1595 2774 1595 2774 1595 2626 1606 2626
1588 2982 1588 2982 1588 2562 1616 2562
1632 3201 1632 3201 1632 2439 1612 2439
1602 2372 1602 2372 1602 3040 1630 3040
1624 2343 1624 2343 1624 3231 1587 3231
1618 2776 1618 2776 1618 2763 1594 2763
2097 2013 2097 2013 2097 1292 2112 1292
2137 1767 2137 1767 2137 1770 2138 1770
2096 1387 2096 1387 2096 1830 2103 1830
2134 1274 2134 1274 2134 1280 2132 1280
2139 1991 2139 1991 2139 1925 2118 1925
2114 2066 2114 2066 2114 2637 2142 2637
2142 2775 2142 2775 2142 2505 2111 2505
2134 2194 2134 2194 2134 1766 2132 1766
2117 2184 2117 2184 2117 2361 2120 2361
2129 2604 2129 2604 2129 1987 2132 1987
2138 2456 2138 2456 2138 2829 2100 2829
2117 2649 2117 2649 2117 2290 2125 2290
2146 3003 2146 3003 2146 3246 2137 3246
2133 2475 2133 2475 2133 2724 2127 2724
2129 2971 2129 2971 2129 2626 2110 2626
2653 1534 2653 1534 2653 1762 2656 1762
2629 1290 2629 1290 2629 1988 2643 1988
2633 1952 2633 1952 2633 1551 2651 1551
2654 1920 2654 1920 2654 1384 2619 1384
2630 2078 2630 2078 2630 2105 2621 2105
2641 2239 2641 2239 2641 1920 2643 1920
2654 2524 2654 2524 2654 2571 2630 2571
2633 2319 2633 2319 2633 1861 2610 1861
2618 1849 2618 1849 2618 2601 2646 2601
2647 1958 2647 1958 2647 2462 2632 2462
2655 3035 2655 3035 2655 2909 2636 2909
2628 2859 2628 2859 2628 2407 2626 2407
2621 2766 2621 2766 2621 3200 2641 3200
2643 2998 2643 2998 2643 3085 2637 3085
2629 2354 2629 2354 2629 2683 2642 2683
2726 2409 2726 2409 2726 2741 1212 2741
2581 1335 2581 1335 2581 2485 2839 2485
2801 1725 2801 1725 2801 2175 2627 2175
2388 1513 2388 1513 2388 1942 1467 1942
1301 2700 1301 2700 1301 1826 2883 1826
2418 2701 2418 2701 2418 1912 2575 1912
2296 1765 2296 1765 2296 1785 2244 1785
2714 2841 2714 2841 2714 1990 1604 1990
2544 1372 2544 1372 2544 2863 3113 2863
1322 1866 1322 1866 1322 2094 2413 2094
2247 1427 2247 1427 2247 3188 2815 3188
1435 2454 1435 2454 1435 1696 2931 1696
1464 1838 1464 1838 1464 2825 2878 2825
1735 2053 1735 2053 1735 2975 1698 2975
2102 1924 2102 1924 2102 3120 2303 3120
2192 2523 2192 2523 2192 1492 1725 1492
2015 2493 2015 2493 2015 1984 1329 1984
1667 2762 1667 2762 1667 2487 2576 2487
2463 1655 2463 1655 2463 1277 2317 1277
2639 1882 2639 1882 2639 2179 2272 2179
2699 2355 2699 2355 2699 2422 1696 2422
1517 3199 1517 3199 1517 1407 1339 1407
1127 3050 1127 3050 1127 1881 1222 1881
1372 1873 1372 1873 1372 1850 1305 1850
1833 2215 1833 2215 1833 3181 1259 3181
1618 1893 1618 1893 1618 2476 1469 2476
1547 2109 1547 2109 1547 1726 1814 1726
2091 1345 2091 1345 2091 3086 1701 3086
2017 2542 2017 2542 2017 1778 1874 1778
1788 1424 1788 1424 1788 2797 1485 2797
1585 2238 1585 2238 1585 2297 1524 2297
1309 2722 1309 2722 1309 3142 1829 3142
1880 1930 1880 1930 1880 2260 1567 2260
1765 1837 1765 1837 1765 1728 1475 1728
1181 1601 1181 1601 1181 1417 1564 1417
1515 1704 1515 1704 1515 1719 1983 1719
1529 1492 1529 1492 1529 1599 1945 1599
1340 1484 1340 1484 1340 1654 1858 1654
1978 1404 1978 1404 1978 1616 1865 1616
1982 1412 1982 1412 1982 1271 1515 1271
1385 1710 1385 1710 1385 1468 1663 1468
1754 1513 1754 1513 1754 1456 2083 1456
1707 1461 1707 1461 1707 1383 1814 1383
1983 1310 1983 1310 1983 1299 2026 1299
1835 1521 1835 1521 1835 1391 1779 1391
1610 1630 1610 1630 1610 1373 1796 1373
1845 1472 1845 1472 1845 1521 1946 1521
1891 1253 1891 1253 1891 1387 1753 1387
1835 1378 1835 1378 1835 1334 1913 1334
1762 1485 1762 1485 1762 1376 2044 1376
2041 1309 2041 1309 2041 1505 1622 1505
2039 1390 2039 1390 2039 1420 1734 1420
2113 1368 2113 1368 2113 1311 1961 1311
2044 1269 2044 1269 2044 1353 1838 1353
1623 1279 1623 1279 1623 1267 1867 1267
1919 1380 1919 1380 1919 1319 2000 1319
1707 1359 1707 1359 1707 1297 1825 1297
2112 1314 2112 1314 2112 1260 1791 1260
1847 1281 1847 1281 1847 1313 1789 1313
1908 1284 1908 1284 1908 1292 2049 1292
1838 1289 1838 1289 1838 1275 1654 1275
1611 1305 1611 1305 1611 1275 2118 1275
1776 1254 1776 1254 1776 1274 1649 1274
1777 1253 1777 1253 1777 1274 1951 1274
1789 1284 1789 1284 1789 1267 1981 1267
1729 1281 1729 1281 1729 1265 1774 1265
2068 1257 2068 1257 2068 1262 1747 1262
